ASC: 304.585481
Chiron: 341.416761
Cross: 281.537464
DSC: 124.585481
Fortuna: 264.940453
IC: 69.007897
Jupiter: 11.794983
Lilith: 238.783019
MC: 249.007897
Mars: 298.449094
Mercury: 275.858231
Moon: 250.421811
Neptune: 227.424447
Node: 100.987053
Pluto: 164.063831
Proserpina: 201.568244
Saturn: 321.497111
SouthNode: 281.452875
Sun: 290.066839
Uranus: 159.760056
Venus: 322.828906
houses:
  House1: 304.585481
  House10: 249.007897
  House11: 265.571275
  House12: 282.001558
  House2: 13.6605
  House3: 48.493056
  House4: 69.007897
  House5: 85.571275
  House6: 102.001558
  House7: 124.585481
  House8: 193.6605
  House9: 228.493056
